6.210855960845947266e+00
6.916646480560302734e+00
6.617698669433593750e+00
6.374301910400390625e+00
6.570213794708251953e+00
6.067714691162109375e+00
6.237185955047607422e+00
6.344976425170898438e+00
6.144518852233886719e+00
7.390261173248291016e+00
6.208961486816406250e+00
6.121809959411621094e+00
6.172363758087158203e+00
6.302842617034912109e+00
6.149446010589599609e+00
6.328110694885253906e+00
6.118733882904052734e+00
5.641975402832031250e+00
6.228899478912353516e+00
6.245037555694580078e+00
6.518434047698974609e+00
5.997450828552246094e+00
6.224739551544189453e+00
5.930553913116455078e+00
6.262308120727539062e+00
6.077565670013427734e+00
6.035489559173583984e+00
6.124049186706542969e+00
6.173221111297607422e+00
6.433950424194335938e+00
6.190458297729492188e+00
6.115223407745361328e+00
6.104607105255126953e+00
6.159759521484375000e+00
6.191961765289306641e+00
6.202142238616943359e+00
6.154615402221679688e+00
6.205391407012939453e+00
6.327860832214355469e+00
5.853476524353027344e+00
6.126440048217773438e+00
6.083187580108642578e+00
5.937710285186767578e+00
6.114892482757568359e+00
6.162588119506835938e+00
6.241719722747802734e+00
6.225611209869384766e+00
6.421186923980712891e+00
6.148893833160400391e+00
6.354802608489990234e+00
5.998805046081542969e+00
6.150779247283935547e+00
6.230386257171630859e+00
6.007440090179443359e+00
6.170544147491455078e+00
6.825874805450439453e+00
6.269762516021728516e+00
6.064807891845703125e+00
6.427335739135742188e+00
6.036037921905517578e+00
6.388710021972656250e+00
6.343255519866943359e+00
6.120269298553466797e+00
6.309122085571289062e+00
5.891280174255371094e+00
6.145110130310058594e+00
6.480662345886230469e+00
6.491671562194824219e+00
6.544725894927978516e+00
6.134537220001220703e+00
5.852081775665283203e+00
6.311341762542724609e+00
5.782530307769775391e+00
6.292621612548828125e+00
6.533952236175537109e+00
6.185252189636230469e+00
6.264857769012451172e+00
6.452008724212646484e+00
5.851459026336669922e+00
6.332170963287353516e+00
5.678786754608154297e+00
6.116576671600341797e+00
5.817939281463623047e+00
6.084848880767822266e+00
6.412198543548583984e+00
6.080025196075439453e+00
5.977007865905761719e+00
6.267136096954345703e+00
6.374925613403320312e+00
6.049859523773193359e+00
6.449467182159423828e+00
6.047243595123291016e+00
6.321670055389404297e+00
6.714173793792724609e+00
6.236660957336425781e+00
6.366119861602783203e+00
6.269435882568359375e+00
6.060310363769531250e+00
5.862823486328125000e+00
6.352964401245117188e+00
6.332572460174560547e+00
6.000657081604003906e+00
5.968758106231689453e+00
6.157222270965576172e+00
6.199351310729980469e+00
6.636061191558837891e+00
5.911133289337158203e+00
5.691199779510498047e+00
5.972713470458984375e+00
5.959901332855224609e+00
6.309967517852783203e+00
5.916121959686279297e+00
6.194109439849853516e+00
5.532848358154296875e+00
6.338831901550292969e+00
6.302860260009765625e+00
6.205814838409423828e+00
6.183767795562744141e+00
6.393719196319580078e+00
6.151347160339355469e+00
6.408901691436767578e+00
5.963435649871826172e+00
6.013579845428466797e+00
6.284271240234375000e+00
6.269818305969238281e+00
6.347744464874267578e+00
5.974669933319091797e+00
6.418701171875000000e+00
6.171678543090820312e+00
6.055340766906738281e+00
6.343381404876708984e+00
6.210842609405517578e+00
6.404574871063232422e+00
6.585691928863525391e+00
6.029299259185791016e+00
6.200031757354736328e+00
5.962014675140380859e+00
5.491333007812500000e+00
6.705514430999755859e+00
5.873424530029296875e+00
5.687899589538574219e+00
5.879288673400878906e+00
5.883984088897705078e+00
5.875987529754638672e+00
6.224013328552246094e+00
5.951976776123046875e+00
5.938371181488037109e+00
5.713988780975341797e+00
6.532839775085449219e+00
5.979525566101074219e+00
6.053161144256591797e+00
6.174152374267578125e+00
6.292651653289794922e+00
6.345188617706298828e+00
6.126358509063720703e+00
5.822328567504882812e+00
6.117560386657714844e+00
6.111697196960449219e+00
6.161807537078857422e+00
6.306691169738769531e+00
5.859697818756103516e+00
5.591084003448486328e+00
6.285088062286376953e+00
6.198631763458251953e+00
6.540270328521728516e+00
6.057095050811767578e+00
5.790945053100585938e+00
6.212073802947998047e+00
5.889445304870605469e+00
5.994401454925537109e+00
6.352990150451660156e+00
6.347804069519042969e+00
5.878162860870361328e+00
6.246987819671630859e+00
6.139771938323974609e+00
6.248122692108154297e+00
6.422645568847656250e+00
6.114225387573242188e+00
6.202268123626708984e+00
6.195202350616455078e+00
6.152321815490722656e+00
6.455421924591064453e+00
6.296409606933593750e+00
5.857406139373779297e+00
5.954626560211181641e+00
6.112967014312744141e+00
5.971748352050781250e+00
5.948776721954345703e+00
5.990194320678710938e+00
6.066121101379394531e+00
6.235361576080322266e+00
5.867994785308837891e+00
5.894260406494140625e+00
6.515244007110595703e+00
5.564722061157226562e+00
6.413881778717041016e+00
6.001817226409912109e+00
6.005632877349853516e+00
6.048209667205810547e+00
6.230108737945556641e+00
5.951986789703369141e+00
5.747396469116210938e+00
6.087597370147705078e+00
6.033146381378173828e+00
6.016840457916259766e+00
6.197447299957275391e+00
5.860706329345703125e+00
5.886918544769287109e+00
5.665582180023193359e+00
6.018362522125244141e+00
6.291035652160644531e+00
5.910575389862060547e+00
6.199388027191162109e+00
5.988519191741943359e+00
6.228731632232666016e+00
6.023149967193603516e+00
6.178853034973144531e+00
6.094510555267333984e+00
5.562619209289550781e+00
6.068885326385498047e+00
5.827122211456298828e+00
6.056539058685302734e+00
6.097970485687255859e+00
6.102119445800781250e+00
5.729202747344970703e+00
6.112910270690917969e+00
5.988914966583251953e+00
6.094662666320800781e+00
5.830167293548583984e+00
6.129528999328613281e+00
6.427541255950927734e+00
5.891961097717285156e+00
5.904439926147460938e+00
5.714962482452392578e+00
6.131743431091308594e+00
5.833453178405761719e+00
6.168140411376953125e+00
5.951551914215087891e+00
6.162469387054443359e+00
6.137676239013671875e+00
6.162468433380126953e+00
5.773489475250244141e+00
6.230338096618652344e+00
6.266807079315185547e+00
5.958547115325927734e+00
5.693620204925537109e+00
6.139589309692382812e+00
6.013556957244873047e+00
5.738548755645751953e+00
6.059171199798583984e+00
6.436472415924072266e+00
5.856730937957763672e+00
6.102619171142578125e+00
5.906787872314453125e+00
6.206517696380615234e+00
6.449655532836914062e+00
6.127319812774658203e+00
6.536650180816650391e+00
5.565446853637695312e+00
6.092166900634765625e+00
5.867379665374755859e+00
6.087015628814697266e+00
6.033715724945068359e+00
5.848362922668457031e+00
5.843231678009033203e+00
6.259403705596923828e+00
5.952872753143310547e+00
6.164599895477294922e+00
6.265431880950927734e+00
6.083259582519531250e+00
6.211374282836914062e+00
6.039199829101562500e+00
6.149286746978759766e+00
5.601637363433837891e+00
5.940074443817138672e+00
6.206635475158691406e+00
6.190654277801513672e+00
5.999851226806640625e+00
6.645093441009521484e+00
6.017203807830810547e+00
5.743680477142333984e+00
6.003789424896240234e+00
5.823431491851806641e+00
5.796699047088623047e+00
6.082919120788574219e+00
5.898373126983642578e+00
5.568304061889648438e+00
5.703594684600830078e+00
6.172219753265380859e+00
6.121793270111083984e+00
5.815112113952636719e+00
6.146121978759765625e+00
5.985938072204589844e+00
6.092794895172119141e+00
6.063623905181884766e+00
6.159441471099853516e+00
6.156895637512207031e+00
5.673794269561767578e+00
5.996918678283691406e+00
6.126230716705322266e+00
6.186809062957763672e+00
5.991814613342285156e+00
6.036396503448486328e+00
6.206155776977539062e+00
6.086215496063232422e+00
6.061291694641113281e+00
5.948783874511718750e+00
6.203943729400634766e+00
5.809633255004882812e+00
6.419428348541259766e+00
5.817481040954589844e+00
5.741115093231201172e+00
6.222176551818847656e+00
6.266567707061767578e+00
6.120365619659423828e+00
5.928936004638671875e+00
5.829298019409179688e+00
6.006865978240966797e+00
5.963045597076416016e+00
6.233943939208984375e+00
5.998342037200927734e+00
6.081723690032958984e+00
5.841713428497314453e+00
5.896616935729980469e+00
6.138634204864501953e+00
5.992293834686279297e+00
6.192645072937011719e+00
6.010193824768066406e+00
6.079862117767333984e+00
6.271297931671142578e+00
6.061975479125976562e+00
5.847875118255615234e+00
6.133649349212646484e+00
6.081161022186279297e+00
6.156404972076416016e+00
6.159584522247314453e+00
5.967553615570068359e+00
5.890084266662597656e+00
6.210895061492919922e+00
6.147641658782958984e+00
5.745322704315185547e+00
5.939899921417236328e+00
6.421741962432861328e+00
6.550448417663574219e+00
5.777101039886474609e+00
5.958042621612548828e+00
6.009053230285644531e+00
6.078882217407226562e+00
5.574921131134033203e+00
6.151864528656005859e+00
6.049425601959228516e+00
6.103251934051513672e+00
6.137826442718505859e+00
5.940052509307861328e+00
6.271534442901611328e+00
5.960146427154541016e+00
6.061933994293212891e+00
5.828858852386474609e+00
6.173323631286621094e+00
6.085464000701904297e+00
5.968291282653808594e+00
6.104512691497802734e+00
6.093507289886474609e+00
5.463668346405029297e+00
5.841730594635009766e+00
5.957850933074951172e+00
5.992208003997802734e+00
5.610021591186523438e+00
6.225611209869384766e+00
5.925434589385986328e+00
6.052728176116943359e+00
5.948626041412353516e+00
6.338399887084960938e+00
5.802177906036376953e+00
6.494271278381347656e+00
5.993846893310546875e+00
6.051611423492431641e+00
6.301259994506835938e+00
5.811118125915527344e+00
5.877261638641357422e+00
5.865187168121337891e+00
5.940502166748046875e+00
5.808959007263183594e+00
5.653904438018798828e+00
5.889778614044189453e+00
5.968722343444824219e+00
5.812862873077392578e+00
5.988410472869873047e+00
6.076309680938720703e+00
6.221219539642333984e+00
5.527773380279541016e+00
5.998183727264404297e+00
5.778264522552490234e+00
6.291841983795166016e+00
5.692600727081298828e+00
5.320793151855468750e+00
6.101046562194824219e+00
6.057759761810302734e+00
6.178139209747314453e+00
5.722240447998046875e+00
5.992938995361328125e+00
6.308351039886474609e+00
5.878381252288818359e+00
5.785161495208740234e+00
6.083249568939208984e+00
5.960680961608886719e+00
5.972350597381591797e+00
6.371452808380126953e+00
6.225654125213623047e+00
6.217850685119628906e+00
5.831653118133544922e+00
5.941761493682861328e+00
6.186180591583251953e+00
6.317263126373291016e+00
6.192853450775146484e+00
6.283684730529785156e+00
6.296699047088623047e+00
5.726644992828369141e+00
5.922877788543701172e+00
6.232980251312255859e+00
5.952360153198242188e+00
6.182190418243408203e+00
5.831048488616943359e+00
5.935966014862060547e+00
6.009937763214111328e+00
6.345935344696044922e+00
6.295454502105712891e+00
6.271365642547607422e+00
5.873998641967773438e+00
6.148269653320312500e+00
5.701474189758300781e+00
6.177143573760986328e+00
6.400341510772705078e+00
6.378766536712646484e+00
5.800658702850341797e+00
6.057969570159912109e+00
5.854181289672851562e+00
5.837069988250732422e+00
6.281531810760498047e+00
5.984087944030761719e+00
6.174482822418212891e+00
5.991287708282470703e+00
6.267714977264404297e+00
5.763259410858154297e+00
6.229440689086914062e+00
5.842019081115722656e+00
5.904697895050048828e+00
6.165936946868896484e+00
6.173667907714843750e+00
6.522230625152587891e+00
6.373653411865234375e+00
5.898137569427490234e+00
5.896119594573974609e+00
5.784477710723876953e+00
5.774768352508544922e+00
6.033791542053222656e+00
5.844514369964599609e+00
5.955115795135498047e+00
6.152958393096923828e+00
6.193387985229492188e+00
5.839640140533447266e+00
5.720435142517089844e+00
6.174953937530517578e+00
5.952531337738037109e+00
6.105213165283203125e+00
6.279831886291503906e+00
6.161653995513916016e+00
5.748119354248046875e+00
5.572127342224121094e+00
5.940555095672607422e+00
6.010231018066406250e+00
5.837332248687744141e+00
6.070623874664306641e+00
6.088336467742919922e+00
6.003869533538818359e+00
5.822764873504638672e+00
5.984131813049316406e+00
6.388386249542236328e+00
6.125923633575439453e+00
6.236755847930908203e+00
6.104705333709716797e+00
5.893741607666015625e+00
6.046718597412109375e+00
6.167596817016601562e+00
5.668090820312500000e+00
6.147685527801513672e+00
5.826557159423828125e+00
6.146976947784423828e+00
6.030839443206787109e+00
5.731237888336181641e+00
6.538101196289062500e+00
6.232430934906005859e+00
6.065998554229736328e+00
5.976792812347412109e+00
6.245153427124023438e+00
6.180711746215820312e+00
5.613270759582519531e+00
5.711831569671630859e+00
6.105494022369384766e+00
5.842572689056396484e+00
6.388929843902587891e+00
5.856088161468505859e+00
6.067657947540283203e+00
6.175135135650634766e+00
6.036664485931396484e+00
6.065694808959960938e+00
6.027945518493652344e+00
6.051672458648681641e+00
6.058636188507080078e+00
6.330378055572509766e+00
5.824435710906982422e+00
5.827624797821044922e+00
6.056412696838378906e+00
5.689654350280761719e+00
6.038819313049316406e+00
5.841733455657958984e+00
6.107775211334228516e+00
5.968827724456787109e+00
5.988970279693603516e+00
5.739897727966308594e+00
6.141888141632080078e+00
6.003419876098632812e+00
5.900123119354248047e+00
6.093513488769531250e+00
6.222781658172607422e+00
6.182420730590820312e+00
6.010839462280273438e+00
6.245481967926025391e+00
6.215662956237792969e+00
6.216145992279052734e+00
6.416164398193359375e+00
5.718134880065917969e+00
5.765390872955322266e+00
5.698863506317138672e+00
5.425379276275634766e+00
5.963485240936279297e+00
6.294005393981933594e+00
5.694748401641845703e+00
6.306661605834960938e+00
5.896270275115966797e+00
6.327459335327148438e+00
5.961885452270507812e+00
5.902847766876220703e+00
5.969005107879638672e+00
5.574280738830566406e+00
5.632745265960693359e+00
5.800818443298339844e+00
5.992066860198974609e+00
5.957660198211669922e+00
5.681128501892089844e+00
5.961928844451904297e+00
6.214237689971923828e+00
5.911276817321777344e+00
5.949611663818359375e+00
6.186879158020019531e+00
6.266910076141357422e+00
5.964213371276855469e+00
6.288539409637451172e+00
6.284702777862548828e+00
6.285234451293945312e+00
5.803522109985351562e+00
6.193472862243652344e+00
5.938091754913330078e+00
6.149563789367675781e+00
5.907442569732666016e+00
5.875816822052001953e+00
6.104947090148925781e+00
5.804069042205810547e+00
5.817836761474609375e+00
5.591731548309326172e+00
6.052040576934814453e+00
5.845212936401367188e+00
6.056325435638427734e+00
6.197000980377197266e+00
5.714643001556396484e+00
5.362725257873535156e+00
5.945869922637939453e+00
5.627486705780029297e+00
5.644009113311767578e+00
5.785887241363525391e+00
5.579865455627441406e+00
5.864511013031005859e+00
5.645937442779541016e+00
5.896326541900634766e+00
6.250913143157958984e+00
5.948066234588623047e+00
6.258615493774414062e+00
5.626200199127197266e+00
5.611346244812011719e+00
6.262914180755615234e+00
5.784811973571777344e+00
5.804391384124755859e+00
6.151610374450683594e+00
6.013733386993408203e+00
6.103610992431640625e+00
5.515504837036132812e+00
6.025753974914550781e+00
5.913893699645996094e+00
6.081770420074462891e+00
6.070711612701416016e+00
6.131049156188964844e+00
5.897134780883789062e+00
5.961047649383544922e+00
6.088227748870849609e+00
5.650798320770263672e+00
5.837198734283447266e+00
5.714167118072509766e+00
5.903752803802490234e+00
5.937030315399169922e+00
6.197985172271728516e+00
5.964587688446044922e+00
5.842836380004882812e+00
5.992361545562744141e+00
5.854851722717285156e+00
5.842836856842041016e+00
6.040756702423095703e+00
5.895072460174560547e+00
5.464316844940185547e+00
6.233121395111083984e+00
5.990274906158447266e+00
5.552745342254638672e+00
5.920543193817138672e+00
6.137432098388671875e+00
6.144181728363037109e+00
6.070257186889648438e+00
5.974147796630859375e+00
6.084274768829345703e+00
5.847661495208740234e+00
5.939457893371582031e+00
5.803353309631347656e+00
5.919101238250732422e+00
5.879033565521240234e+00
5.991434574127197266e+00
5.900352001190185547e+00
5.843522071838378906e+00
5.901546478271484375e+00
5.937597751617431641e+00
5.738348484039306641e+00
6.282521724700927734e+00
5.879714488983154297e+00
5.984842777252197266e+00
5.977985858917236328e+00
5.737449169158935547e+00
6.028923511505126953e+00
5.509722709655761719e+00
6.389019966125488281e+00
5.826128482818603516e+00
5.846424579620361328e+00
6.127962589263916016e+00
6.138945102691650391e+00
5.866794586181640625e+00
5.943111896514892578e+00
5.852971553802490234e+00
5.860440731048583984e+00
5.819303035736083984e+00
5.834777355194091797e+00
6.452033519744873047e+00
5.907146930694580078e+00
5.737310886383056641e+00
5.695517063140869141e+00
6.244816303253173828e+00
6.147558689117431641e+00
5.822941303253173828e+00
6.025444507598876953e+00
6.041066169738769531e+00
6.024996757507324219e+00
6.059327125549316406e+00
6.135125637054443359e+00
6.312411785125732422e+00
5.708851337432861328e+00
6.139053821563720703e+00
6.010489940643310547e+00
6.226130008697509766e+00
5.739784240722656250e+00
5.727532863616943359e+00
5.571925640106201172e+00
6.092315196990966797e+00
6.014100551605224609e+00
6.093207836151123047e+00
5.667673587799072266e+00
5.952944278717041016e+00
5.923497676849365234e+00
5.757430553436279297e+00
6.059150218963623047e+00
6.170547008514404297e+00
6.098545074462890625e+00
5.703003883361816406e+00
6.080094814300537109e+00
6.054944515228271484e+00
6.014201641082763672e+00
5.817826271057128906e+00
5.966542243957519531e+00
5.647208690643310547e+00
6.095415115356445312e+00
6.213084220886230469e+00
5.765269279479980469e+00
5.772126197814941406e+00
5.897139072418212891e+00
6.237088680267333984e+00
5.898548603057861328e+00
6.083799839019775391e+00
6.049744129180908203e+00
6.054142475128173828e+00
5.748764038085937500e+00
5.667754650115966797e+00
6.489335060119628906e+00
6.249024868011474609e+00
6.059841632843017578e+00
6.295561313629150391e+00
5.798009395599365234e+00
6.210326194763183594e+00
6.034044742584228516e+00
5.750545024871826172e+00
6.166008472442626953e+00
5.924131870269775391e+00
5.790575981140136719e+00
6.118981838226318359e+00
6.210118770599365234e+00
6.129330635070800781e+00
5.662036418914794922e+00
5.767661571502685547e+00
6.156883716583251953e+00
6.102056980133056641e+00
6.412969112396240234e+00
5.707267284393310547e+00
5.808749675750732422e+00
5.773085594177246094e+00
5.809152126312255859e+00
5.802311420440673828e+00
5.998951435089111328e+00
5.876052379608154297e+00
5.819765090942382812e+00
6.037032127380371094e+00
5.973633766174316406e+00
5.695921897888183594e+00
6.162844181060791016e+00
6.204938411712646484e+00
5.488734245300292969e+00
5.705624103546142578e+00
6.041446208953857422e+00
5.808207035064697266e+00
5.785418033599853516e+00
5.916383266448974609e+00
5.849821090698242188e+00
5.408805847167968750e+00
5.596434116363525391e+00
5.575553894042968750e+00
6.593149185180664062e+00
6.084299087524414062e+00
5.914005279541015625e+00
5.994003295898437500e+00
6.105374336242675781e+00
6.368010520935058594e+00
6.279579639434814453e+00
6.195406436920166016e+00
6.179321765899658203e+00
5.761242866516113281e+00
5.639222621917724609e+00
5.505578041076660156e+00
5.313750743865966797e+00
5.899753093719482422e+00
5.683795928955078125e+00
5.956191539764404297e+00
5.894978523254394531e+00
6.174815654754638672e+00
6.385862350463867188e+00
6.125727176666259766e+00
6.063582897186279297e+00
5.676303863525390625e+00
5.784636020660400391e+00
5.925660610198974609e+00
5.932252407073974609e+00
6.045372962951660156e+00
5.884136676788330078e+00
5.976706981658935547e+00
5.882400989532470703e+00
6.009383678436279297e+00
6.039349555969238281e+00
6.171667575836181641e+00
5.814754486083984375e+00
5.905517101287841797e+00
5.974876880645751953e+00
6.144959449768066406e+00
6.232671737670898438e+00
5.946498394012451172e+00
5.963737010955810547e+00
5.852330684661865234e+00
5.994175910949707031e+00
5.874025344848632812e+00
6.056973457336425781e+00
6.113688945770263672e+00
5.965098857879638672e+00
5.664967060089111328e+00
5.506950378417968750e+00
6.181382656097412109e+00
5.663094520568847656e+00
5.850311279296875000e+00
5.901901721954345703e+00
6.132572650909423828e+00
6.305372714996337891e+00
5.899662494659423828e+00
5.884403228759765625e+00
5.593229293823242188e+00
6.037830829620361328e+00
5.874086856842041016e+00
5.409495830535888672e+00
6.290315151214599609e+00
5.712420940399169922e+00
6.032866477966308594e+00
5.916784286499023438e+00
5.887975215911865234e+00
5.777477741241455078e+00
5.791482448577880859e+00
6.007576465606689453e+00
5.852160930633544922e+00
6.277410030364990234e+00
5.947787761688232422e+00
6.244971275329589844e+00
5.814198970794677734e+00
6.188960552215576172e+00
5.638660907745361328e+00
5.889683246612548828e+00
5.822770118713378906e+00
6.289753437042236328e+00
5.696960926055908203e+00
6.256409168243408203e+00
5.438333988189697266e+00
5.770390033721923828e+00
5.953825473785400391e+00
5.857502937316894531e+00
5.968520164489746094e+00
6.076672077178955078e+00
6.199174404144287109e+00
6.003145694732666016e+00
5.833571910858154297e+00
6.026496410369873047e+00
5.939009189605712891e+00
6.158672809600830078e+00
6.242607116699218750e+00
5.713807106018066406e+00
6.053701877593994141e+00
5.660880565643310547e+00
6.209116935729980469e+00
6.211017608642578125e+00
6.237952709197998047e+00
5.937578678131103516e+00
5.825860500335693359e+00
5.587316513061523438e+00
5.610706329345703125e+00
5.783857822418212891e+00
5.147422790527343750e+00
5.636984825134277344e+00
5.780677318572998047e+00
5.862118244171142578e+00
5.802164554595947266e+00
5.921167850494384766e+00
6.016070842742919922e+00
5.755639553070068359e+00
5.607201099395751953e+00
5.650391101837158203e+00
6.065369129180908203e+00
6.206220149993896484e+00
5.664373397827148438e+00
5.648471355438232422e+00
5.633873939514160156e+00
5.795818328857421875e+00
6.059454917907714844e+00
6.002851963043212891e+00
5.955858707427978516e+00
6.242988586425781250e+00
6.142971515655517578e+00
6.125902175903320312e+00
6.116203784942626953e+00
5.718505382537841797e+00
6.219926357269287109e+00
6.065948009490966797e+00
6.513190746307373047e+00
5.929834842681884766e+00
5.926279544830322266e+00
5.721589565277099609e+00
5.780830860137939453e+00
6.174199581146240234e+00
5.787694931030273438e+00
6.003923416137695312e+00
5.832097530364990234e+00
6.255052566528320312e+00
6.116399765014648438e+00
6.001266002655029297e+00
6.153962612152099609e+00
5.892567634582519531e+00
5.909312248229980469e+00
5.942076206207275391e+00
5.894170284271240234e+00
6.309894084930419922e+00
5.449659824371337891e+00
5.299987316131591797e+00
5.871109962463378906e+00
6.091133594512939453e+00
5.870460033416748047e+00
5.816572189331054688e+00
5.829665660858154297e+00
6.289438247680664062e+00
6.197783470153808594e+00
5.975020885467529297e+00
5.999744415283203125e+00
6.203804969787597656e+00
5.953084468841552734e+00
5.964029788970947266e+00
5.848968505859375000e+00
6.792994022369384766e+00
5.651731014251708984e+00
6.072714328765869141e+00
6.339887142181396484e+00
5.932972908020019531e+00
5.834957599639892578e+00
5.666610240936279297e+00
5.875400066375732422e+00
6.323738574981689453e+00
6.149577617645263672e+00
5.727349758148193359e+00
5.631303787231445312e+00
5.851715564727783203e+00
5.721899509429931641e+00
6.055953979492187500e+00
6.168519020080566406e+00
6.032843112945556641e+00
5.944525241851806641e+00
6.016818523406982422e+00
5.962911605834960938e+00
5.783315658569335938e+00
6.025669097900390625e+00
6.107797145843505859e+00
5.710884571075439453e+00
5.763010978698730469e+00
5.670891284942626953e+00
5.952972888946533203e+00
5.933701515197753906e+00
6.101984500885009766e+00
6.011005878448486328e+00
5.880589008331298828e+00
6.224344253540039062e+00
6.048218250274658203e+00
6.253699779510498047e+00
5.868950366973876953e+00
5.941528797149658203e+00
5.981519222259521484e+00
5.863323688507080078e+00
6.116649150848388672e+00
5.783372402191162109e+00
6.027590274810791016e+00
5.925284385681152344e+00
6.063264369964599609e+00
5.866968631744384766e+00
6.190044403076171875e+00
5.529875755310058594e+00
5.809599876403808594e+00
6.134489536285400391e+00
6.181637763977050781e+00
5.653337001800537109e+00
5.752268314361572266e+00
5.878921985626220703e+00
5.145359992980957031e+00
5.430703163146972656e+00
5.902589321136474609e+00
6.004524707794189453e+00
5.948902130126953125e+00
5.872497081756591797e+00
5.994979858398437500e+00
5.899472236633300781e+00
5.854339122772216797e+00
5.771214962005615234e+00
6.045019626617431641e+00
5.655068397521972656e+00
6.152148246765136719e+00
5.707170009613037109e+00
6.281041622161865234e+00
5.688409328460693359e+00
6.230999469757080078e+00
6.159981250762939453e+00
5.799895763397216797e+00
5.927322387695312500e+00
5.929343700408935547e+00
5.735335350036621094e+00
5.689142704010009766e+00
6.018467903137207031e+00
5.955270767211914062e+00
5.861015796661376953e+00
5.803392410278320312e+00
5.940538406372070312e+00
5.693674564361572266e+00
5.722010135650634766e+00
6.036358356475830078e+00
6.070224761962890625e+00
6.090228557586669922e+00
5.942873477935791016e+00
5.924058437347412109e+00
6.316803932189941406e+00
6.027351856231689453e+00
6.019946575164794922e+00
6.195338249206542969e+00
5.726950168609619141e+00
6.234633922576904297e+00
5.862031459808349609e+00
5.753667831420898438e+00
5.786393165588378906e+00
5.804133892059326172e+00
5.987489223480224609e+00
5.815886020660400391e+00
6.100426673889160156e+00
5.841951370239257812e+00
5.802520751953125000e+00
6.303009510040283203e+00
5.895320415496826172e+00
6.007439613342285156e+00
6.008363246917724609e+00
5.774985790252685547e+00
6.102164268493652344e+00
5.569550514221191406e+00
5.975362777709960938e+00
5.699274539947509766e+00
6.263416767120361328e+00
5.758110523223876953e+00
5.913956165313720703e+00
6.219208240509033203e+00
6.145375728607177734e+00
6.075908184051513672e+00
5.544728279113769531e+00
6.143887996673583984e+00
5.956770420074462891e+00
5.992660045623779297e+00
5.794498443603515625e+00
5.743951797485351562e+00
6.305033206939697266e+00
5.899021625518798828e+00
6.145184993743896484e+00
6.017641544342041016e+00
6.259880542755126953e+00
5.688397884368896484e+00
6.088373661041259766e+00
6.050525188446044922e+00
5.839744567871093750e+00
5.934249877929687500e+00
5.746808528900146484e+00
5.744642257690429688e+00
5.465805053710937500e+00
5.769017696380615234e+00
5.773294448852539062e+00
5.823253631591796875e+00
5.876951217651367188e+00
5.913804054260253906e+00
5.739297389984130859e+00
5.712848186492919922e+00
5.402492523193359375e+00
6.020094394683837891e+00
5.649442195892333984e+00
5.956052780151367188e+00
6.228852272033691406e+00
6.285634994506835938e+00
6.108468055725097656e+00
6.077848434448242188e+00
6.304716587066650391e+00
6.100756645202636719e+00
5.913920879364013672e+00
6.213932991027832031e+00
5.509176731109619141e+00
5.632799625396728516e+00
5.797526836395263672e+00
6.248750209808349609e+00
5.765102386474609375e+00
5.841010093688964844e+00
5.795291423797607422e+00
5.853755950927734375e+00
6.001226902008056641e+00
5.814514636993408203e+00
6.102645397186279297e+00
5.910036563873291016e+00
5.914852619171142578e+00
5.614115238189697266e+00
5.992810726165771484e+00
5.854447841644287109e+00
5.976950645446777344e+00
5.526127338409423828e+00
6.174379348754882812e+00
6.123669147491455078e+00
6.014961242675781250e+00
5.966521263122558594e+00
5.694753646850585938e+00
5.860057353973388672e+00
5.997823715209960938e+00
5.945415973663330078e+00
5.903734683990478516e+00
5.810222625732421875e+00
6.201613426208496094e+00
6.252622127532958984e+00
5.952939510345458984e+00
5.788722515106201172e+00
5.630730152130126953e+00
6.037775516510009766e+00
5.906939983367919922e+00
5.928326129913330078e+00
5.670241355895996094e+00
5.792050361633300781e+00
6.470581531524658203e+00
5.808316230773925781e+00
5.712485313415527344e+00
5.432066917419433594e+00
5.880407810211181641e+00
6.001666069030761719e+00
5.626205921173095703e+00
5.949937343597412109e+00
5.988914012908935547e+00
6.331812381744384766e+00
5.800565719604492188e+00
6.012758731842041016e+00
5.887623786926269531e+00
6.415943622589111328e+00
5.876504421234130859e+00
5.742263317108154297e+00
6.073591709136962891e+00
5.793596267700195312e+00
5.912010669708251953e+00
5.869958877563476562e+00
6.113772869110107422e+00
6.168527126312255859e+00
5.925481319427490234e+00
6.088182926177978516e+00
6.213339328765869141e+00
5.931951045989990234e+00
5.427388191223144531e+00
6.080110073089599609e+00
6.000752925872802734e+00
6.146330356597900391e+00
6.022329807281494141e+00
5.916606903076171875e+00
5.876249790191650391e+00
6.105465412139892578e+00
5.802695751190185547e+00
5.939960956573486328e+00
6.075252056121826172e+00
5.632014274597167969e+00
5.894864559173583984e+00
5.715319156646728516e+00
5.420688152313232422e+00
5.921512126922607422e+00
5.766931533813476562e+00
5.760970592498779297e+00
5.624248504638671875e+00
5.778154373168945312e+00
6.258414745330810547e+00
6.132051467895507812e+00
6.057551860809326172e+00
5.982544422149658203e+00
5.963026523590087891e+00
6.065788269042968750e+00
5.944233417510986328e+00
6.038098812103271484e+00
6.047698974609375000e+00
5.939372062683105469e+00
5.986902236938476562e+00
5.597442150115966797e+00
6.107263088226318359e+00
6.171121597290039062e+00
5.903134822845458984e+00
5.780992031097412109e+00
5.820398807525634766e+00
5.978040695190429688e+00
5.984138488769531250e+00
5.732548713684082031e+00
6.111238956451416016e+00
6.181433200836181641e+00
5.853480339050292969e+00
5.737839221954345703e+00
5.783275127410888672e+00
5.706635951995849609e+00
5.596882343292236328e+00
5.887777328491210938e+00
5.778916835784912109e+00
6.030846595764160156e+00
6.075202465057373047e+00
6.116958141326904297e+00
5.814835548400878906e+00
5.921710014343261719e+00
5.885671615600585938e+00
5.819826126098632812e+00
5.938183307647705078e+00
6.045443058013916016e+00
5.773851871490478516e+00
5.911088943481445312e+00
6.114413738250732422e+00
6.078429698944091797e+00
6.304089546203613281e+00
6.271433353424072266e+00
6.304997920989990234e+00
6.260742664337158203e+00
6.021603107452392578e+00
5.579654693603515625e+00
5.491194248199462891e+00
5.827120304107666016e+00
6.475117206573486328e+00
5.591906070709228516e+00
5.886104106903076172e+00
5.984415531158447266e+00
5.964863300323486328e+00
6.316375255584716797e+00
5.705074310302734375e+00
6.020590305328369141e+00
5.842451572418212891e+00
5.918616771697998047e+00
5.922739028930664062e+00
5.819221973419189453e+00
6.167649745941162109e+00
5.535417556762695312e+00
5.886011600494384766e+00
5.813676834106445312e+00
6.078109264373779297e+00
6.163411617279052734e+00
5.542305946350097656e+00
5.752850055694580078e+00
5.697396755218505859e+00
5.703581809997558594e+00
6.032271862030029297e+00
6.168661117553710938e+00
5.941521644592285156e+00
5.920618057250976562e+00
6.270984649658203125e+00
6.083265781402587891e+00
6.147838592529296875e+00
6.233295917510986328e+00
5.696153163909912109e+00
5.888484001159667969e+00
5.960694789886474609e+00
5.747097015380859375e+00
6.392037868499755859e+00
5.963195323944091797e+00
6.130178451538085938e+00
6.033465385437011719e+00
5.905819416046142578e+00
6.292994022369384766e+00
5.965500354766845703e+00
5.836207389831542969e+00
5.745594501495361328e+00
5.748147487640380859e+00
5.755435943603515625e+00
5.837461471557617188e+00
6.156140327453613281e+00
5.938459873199462891e+00
5.358567714691162109e+00
6.089497089385986328e+00
6.158363342285156250e+00
5.683050632476806641e+00
5.657004356384277344e+00
5.782110214233398438e+00
5.778087139129638672e+00
5.927293300628662109e+00
6.022506237030029297e+00
5.952550888061523438e+00
5.525507926940917969e+00
5.868462562561035156e+00
6.074959278106689453e+00
6.184195041656494141e+00
5.975298881530761719e+00
6.167005538940429688e+00
5.944829940795898438e+00
6.005939483642578125e+00
5.919002532958984375e+00
5.872324943542480469e+00
6.021938800811767578e+00
5.763958930969238281e+00
5.734020709991455078e+00
6.138606548309326172e+00
6.118947982788085938e+00
5.708540916442871094e+00
6.179175853729248047e+00
5.908457756042480469e+00
6.092225551605224609e+00
5.980511188507080078e+00
5.981677532196044922e+00
5.768249988555908203e+00
5.839756488800048828e+00
6.044958591461181641e+00
6.060567378997802734e+00
5.998685359954833984e+00
5.655729770660400391e+00
5.633830547332763672e+00
5.994699954986572266e+00
5.633443355560302734e+00
6.036845684051513672e+00
6.171558856964111328e+00
6.135142803192138672e+00
6.183848857879638672e+00
5.841541767120361328e+00
5.857051372528076172e+00
6.123591899871826172e+00
6.092504978179931641e+00
6.055933475494384766e+00
6.035831451416015625e+00
6.087862014770507812e+00
6.093367576599121094e+00
5.735455036163330078e+00
5.914814949035644531e+00
5.726594448089599609e+00
5.860953807830810547e+00
6.134628772735595703e+00
6.194948673248291016e+00
5.669384479522705078e+00
5.718927860260009766e+00
5.930312633514404297e+00
6.015116214752197266e+00
5.689266204833984375e+00
5.858755588531494141e+00
6.056870937347412109e+00
6.016102790832519531e+00
5.675027370452880859e+00
5.803356647491455078e+00
5.913046360015869141e+00
5.732788562774658203e+00
5.757940769195556641e+00
5.598793506622314453e+00
6.174235343933105469e+00
5.944551467895507812e+00
5.827367782592773438e+00
5.854700088500976562e+00
6.256633281707763672e+00
5.968405246734619141e+00
6.109509944915771484e+00
5.867791652679443359e+00
6.198765277862548828e+00
5.671365261077880859e+00
5.838517189025878906e+00
6.011274814605712891e+00
5.990520000457763672e+00
6.171616554260253906e+00
6.111966609954833984e+00
5.885074138641357422e+00
5.657233715057373047e+00
5.792300701141357422e+00
6.083425998687744141e+00
5.826055526733398438e+00
5.983921527862548828e+00
5.951169013977050781e+00
5.529904842376708984e+00
5.887920379638671875e+00
5.919150352478027344e+00
5.980824947357177734e+00
5.947320461273193359e+00
5.902867317199707031e+00
5.915963649749755859e+00
5.960534572601318359e+00
5.674726963043212891e+00
5.952848911285400391e+00
5.863835811614990234e+00
5.849586963653564453e+00
5.864199161529541016e+00
6.450247287750244141e+00
6.128912448883056641e+00
6.037357807159423828e+00
5.857807636260986328e+00
5.919158935546875000e+00
5.881924152374267578e+00
5.886120796203613281e+00
5.858694553375244141e+00
5.763747215270996094e+00
5.995586395263671875e+00
5.949827671051025391e+00
5.672586441040039062e+00
5.435717105865478516e+00
6.377951145172119141e+00
6.009231090545654297e+00
5.898005962371826172e+00
5.954657077789306641e+00
6.228328704833984375e+00
5.810006618499755859e+00
5.841220378875732422e+00
5.925746440887451172e+00
6.119447231292724609e+00
5.966554641723632812e+00
6.134003639221191406e+00
5.692261219024658203e+00
6.030784606933593750e+00
6.099342823028564453e+00
5.878405094146728516e+00
5.757315635681152344e+00
5.881798267364501953e+00
6.022209167480468750e+00
6.138329982757568359e+00
5.961443424224853516e+00
5.940845012664794922e+00
5.725699424743652344e+00
6.112229347229003906e+00
5.931540012359619141e+00
5.346675872802734375e+00
5.957863330841064453e+00
6.035902500152587891e+00
6.123069763183593750e+00
5.969538211822509766e+00
5.815046787261962891e+00
5.472360610961914062e+00
6.250322818756103516e+00
6.214678764343261719e+00
5.927353858947753906e+00
6.216768264770507812e+00
6.157001972198486328e+00
6.099828243255615234e+00
5.826795578002929688e+00
6.207355022430419922e+00
5.725615024566650391e+00
5.698239803314208984e+00
